[1] "Aberdare Athletic"
[1]    0 1921 1922 1923 1924 1925 1926
[1] "Accrington"
 [1]    0 2006 2007 2008 2009 2010 2011 2012 2013 2014
[1] "Accrington F.C."
[1]    0 1888 1889 1890 1891 1892
[1] "Accrington Stanley"
 [1]    0 1921 1922 1923 1924 1925 1926 1927 1928 1929 1930 1931 1932 1933 1934 1935
[17] 1936 1937 1938 1939 1946 1947 1948 1949 1950 1951 1952 1953 1954 1955 1956 1957
[33] 1958 1959 1960 1961
[1] "AFC Bournemouth"
 [1]    0 1923 1924 1925 1926 1927 1928 1929 1930 1931 1932 1933 1934 1935 1936 1937
[17] 1938 1939 1946 1947 1948 1949 1950 1951 1952 1953 1954 1955 1956 1957 1958 1959
[33] 1960 1961 1962 1963 1964 1965 1966 1967 1968 1969 1970 1971 1972 1973 1974 1975
[49] 1976 1977 1978 1979 1980 1981 1982 1983 1984 1985 1986 1987 1988 1989 1990 1991
[65] 1992 1993 1994 1995 1996 1997 1998 1999 2000 2001 2002 2003 2004 2005 2006 2007
[81] 2008 2009 2010 2011 2012 2013 2014
[1] "AFC Wimbledon"
[1]    0 2011 2012 2013 2014
[1] "Aldershot"
 [1]    0 1932 1933 1934 1935 1936 1937 1938 1939 1946 1947 1948 1949 1950 1951 1952
[17] 1953 1954 1955 1956 1957 1958 1959 1960 1961 1962 1963 1964 1965 1966 1967 1968
[33] 1969 1970 1971 1972 1973 1974 1975 1976 1977 1978 1979 1980 1981 1982 1983 1984
[49] 1985 1986 1987 1988 1989 1990 2008 2009 2010 2011 2012
[1] "Arsenal"
  [1]    0 1893 1894 1895 1896 1897 1898 1899 1900 1901 1902 1903 1904 1905 1906 1907
 [17] 1908 1909 1910 1911 1912 1913 1914 1919 1920 1921 1922 1923 1924 1925 1926 1927
 [33] 1928 1929 1930 1931 1932 1933 1934 1935 1936 1937 1938 1939 1946 1947 1948 1949
 [49] 1950 1951 1952 1953 1954 1955 1956 1957 1958 1959 1960 1961 1962 1963 1964 1965
 [65] 1966 1967 1968 1969 1970 1971 1972 1973 1974 1975 1976 1977 1978 1979 1980 1981
 [81] 1982 1983 1984 1985 1986 1987 1988 1989 1990 1991 1992 1993 1994 1995 1996 1997
 [97] 1998 1999 2000 2001 2002 2003 2004 2005 2006 2007 2008 2009 2010 2011 2012 2013
[113] 2014
[1] "Ashington"
[1]    0 1921 1922 1923 1924 1925 1926 1927 1928
[1] "Aston Villa"
  [1]    0 1888 1889 1890 1891 1892 1893 1894 1895 1896 1897 1898 1899 1900 1901 1902
 [17] 1903 1904 1905 1906 1907 1908 1909 1910 1911 1912 1913 1914 1919 1920 1921 1922
 [33] 1923 1924 1925 1926 1927 1928 1929 1930 1931 1932 1933 1934 1935 1936 1937 1938
 [49] 1939 1946 1947 1948 1949 1950 1951 1952 1953 1954 1955 1956 1957 1958 1959 1960
 [65] 1961 1962 1963 1964 1965 1966 1967 1968 1969 1970 1971 1972 1973 1974 1975 1976
 [81] 1977 1978 1979 1980 1981 1982 1983 1984 1985 1986 1987 1988 1989 1990 1991 1992
 [97] 1993 1994 1995 1996 1997 1998 1999 2000 2001 2002 2003 2004 2005 2006 2007 2008
[113] 2009 2010 2011 2012 2013 2014
[1] "Barnet"
 [1]    0 1991 1992 1993 1994 1995 1996 1997 1998 1999 2000 2005 2006 2007 2008 2009
[17] 2010 2011 2012
[1] "Barnsley"
  [1]    0 1898 1899 1900 1901 1902 1903 1904 1905 1906 1907 1908 1909 1910 1911 1912
 [17] 1913 1914 1919 1920 1921 1922 1923 1924 1925 1926 1927 1928 1929 1930 1931 1932
 [33] 1933 1934 1935 1936 1937 1938 1939 1946 1947 1948 1949 1950 1951 1952 1953 1954
 [49] 1955 1956 1957 1958 1959 1960 1961 1962 1963 1964 1965 1966 1967 1968 1969 1970
 [65] 1971 1972 1973 1974 1975 1976 1977 1978 1979 1980 1981 1982 1983 1984 1985 1986
 [81] 1987 1988 1989 1990 1991 1992 1993 1994 1995 1996 1997 1998 1999 2000 2001 2002
 [97] 2003 2004 2005 2006 2007 2008 2009 2010 2011 2012 2013 2014
[1] "Barrow"
 [1]    0 1921 1922 1923 1924 1925 1926 1927 1928 1929 1930 1931 1932 1933 1934 1935
[17] 1936 1937 1938 1939 1946 1947 1948 1949 1950 1951 1952 1953 1954 1955 1956 1957
[33] 1958 1959 1960 1961 1962 1963 1964 1965 1966 1967 1968 1969 1970 1971
[1] "Birmingham City"
  [1]    0 1892 1893 1894 1895 1896 1897 1898 1899 1900 1901 1902 1903 1904 1905 1906
 [17] 1907 1908 1909 1910 1911 1912 1913 1914 1919 1920 1921 1922 1923 1924 1925 1926
 [33] 1927 1928 1929 1930 1931 1932 1933 1934 1935 1936 1937 1938 1939 1946 1947 1948
 [49] 1949 1950 1951 1952 1953 1954 1955 1956 1957 1958 1959 1960 1961 1962 1963 1964
 [65] 1965 1966 1967 1968 1969 1970 1971 1972 1973 1974 1975 1976 1977 1978 1979 1980
 [81] 1981 1982 1983 1984 1985 1986 1987 1988 1989 1990 1991 1992 1993 1994 1995 1996
 [97] 1997 1998 1999 2000 2001 2002 2003 2004 2005 2006 2007 2008 2009 2010 2011 2012
[113] 2013 2014
[1] "Blackburn Rovers"
  [1]    0 1888 1889 1890 1891 1892 1893 1894 1895 1896 1897 1898 1899 1900 1901 1902
 [17] 1903 1904 1905 1906 1907 1908 1909 1910 1911 1912 1913 1914 1919 1920 1921 1922
 [33] 1923 1924 1925 1926 1927 1928 1929 1930 1931 1932 1933 1934 1935 1936 1937 1938
 [49] 1939 1946 1947 1948 1949 1950 1951 1952 1953 1954 1955 1956 1957 1958 1959 1960
 [65] 1961 1962 1963 1964 1965 1966 1967 1968 1969 1970 1971 1972 1973 1974 1975 1976
 [81] 1977 1978 1979 1980 1981 1982 1983 1984 1985 1986 1987 1988 1989 1990 1991 1992
 [97] 1993 1994 1995 1996 1997 1998 1999 2000 2001 2002 2003 2004 2005 2006 2007 2008
[113] 2009 2010 2011 2012 2013 2014
[1] "Blackpool"
  [1]    0 1896 1897 1898 1900 1901 1902 1903 1904 1905 1906 1907 1908 1909 1910 1911
 [17] 1912 1913 1914 1919 1920 1921 1922 1923 1924 1925 1926 1927 1928 1929 1930 1931
 [33] 1932 1933 1934 1935 1936 1937 1938 1939 1946 1947 1948 1949 1950 1951 1952 1953
 [49] 1954 1955 1956 1957 1958 1959 1960 1961 1962 1963 1964 1965 1966 1967 1968 1969
 [65] 1970 1971 1972 1973 1974 1975 1976 1977 1978 1979 1980 1981 1982 1983 1984 1985
 [81] 1986 1987 1988 1989 1990 1991 1992 1993 1994 1995 1996 1997 1998 1999 2000 2001
 [97] 2002 2003 2004 2005 2006 2007 2008 2009 2010 2011 2012 2013 2014
[1] "Bolton Wanderers"
  [1]    0 1888 1889 1890 1891 1892 1893 1894 1895 1896 1897 1898 1899 1900 1901 1902
 [17] 1903 1904 1905 1906 1907 1908 1909 1910 1911 1912 1913 1914 1919 1920 1921 1922
 [33] 1923 1924 1925 1926 1927 1928 1929 1930 1931 1932 1933 1934 1935 1936 1937 1938
 [49] 1939 1946 1947 1948 1949 1950 1951 1952 1953 1954 1955 1956 1957 1958 1959 1960
 [65] 1961 1962 1963 1964 1965 1966 1967 1968 1969 1970 1971 1972 1973 1974 1975 1976
 [81] 1977 1978 1979 1980 1981 1982 1983 1984 1985 1986 1987 1988 1989 1990 1991 1992
 [97] 1993 1994 1995 1996 1997 1998 1999 2000 2001 2002 2003 2004 2005 2006 2007 2008
[113] 2009 2010 2011 2012 2013 2014
[1] "Bootle"
[1]    0 1892
[1] "Boston United"
[1]    0 2002 2003 2004 2005 2006
[1] "Bradford City"
  [1]    0 1903 1904 1905 1906 1907 1908 1909 1910 1911 1912 1913 1914 1919 1920 1921
 [17] 1922 1923 1924 1925 1926 1927 1928 1929 1930 1931 1932 1933 1934 1935 1936 1937
 [33] 1938 1939 1946 1947 1948 1949 1950 1951 1952 1953 1954 1955 1956 1957 1958 1959
 [49] 1960 1961 1962 1963 1964 1965 1966 1967 1968 1969 1970 1971 1972 1973 1974 1975
 [65] 1976 1977 1978 1979 1980 1981 1982 1983 1984 1985 1986 1987 1988 1989 1990 1991
 [81] 1992 1993 1994 1995 1996 1997 1998 1999 2000 2001 2002 2003 2004 2005 2006 2007
 [97] 2008 2009 2010 2011 2012 2013 2014
[1] "Bradford Park Avenue"
 [1]    0 1908 1909 1910 1911 1912 1913 1914 1919 1920 1921 1922 1923 1924 1925 1926
[17] 1927 1928 1929 1930 1931 1932 1933 1934 1935 1936 1937 1938 1939 1946 1947 1948
[33] 1949 1950 1951 1952 1953 1954 1955 1956 1957 1958 1959 1960 1961 1962 1963 1964
[49] 1965 1966 1967 1968 1969
[1] "Brentford"
 [1]    0 1920 1921 1922 1923 1924 1925 1926 1927 1928 1929 1930 1931 1932 1933 1934
[17] 1935 1936 1937 1938 1939 1946 1947 1948 1949 1950 1951 1952 1953 1954 1955 1956
[33] 1957 1958 1959 1960 1961 1962 1963 1964 1965 1966 1967 1968 1969 1970 1971 1972
[49] 1973 1974 1975 1976 1977 1978 1979 1980 1981 1982 1983 1984 1985 1986 1987 1988
[65] 1989 1990 1991 1992 1993 1994 1995 1996 1997 1998 1999 2000 2001 2002 2003 2004
[81] 2005 2006 2007 2008 2009 2010 2011 2012 2013 2014
[1] "Brighton & Hove Albion"
 [1]    0 1920 1921 1922 1923 1924 1925 1926 1927 1928 1929 1930 1931 1932 1933 1934
[17] 1935 1936 1937 1938 1939 1946 1947 1948 1949 1950 1951 1952 1953 1954 1955 1956
[33] 1957 1958 1959 1960 1961 1962 1963 1964 1965 1966 1967 1968 1969 1970 1971 1972
[49] 1973 1974 1975 1976 1977 1978 1979 1980 1981 1982 1983 1984 1985 1986 1987 1988
[65] 1989 1990 1991 1992 1993 1994 1995 1996 1997 1998 1999 2000 2001 2002 2003 2004
[81] 2005 2006 2007 2008 2009 2010 2011 2012 2013 2014
[1] "Bristol City"
  [1]    0 1901 1902 1903 1904 1905 1906 1907 1908 1909 1910 1911 1912 1913 1914 1919
 [17] 1920 1921 1922 1923 1924 1925 1926 1927 1928 1929 1930 1931 1932 1933 1934 1935
 [33] 1936 1937 1938 1939 1946 1947 1948 1949 1950 1951 1952 1953 1954 1955 1956 1957
 [49] 1958 1959 1960 1961 1962 1963 1964 1965 1966 1967 1968 1969 1970 1971 1972 1973
 [65] 1974 1975 1976 1977 1978 1979 1980 1981 1982 1983 1984 1985 1986 1987 1988 1989
 [81] 1990 1991 1992 1993 1994 1995 1996 1997 1998 1999 2000 2001 2002 2003 2004 2005
 [97] 2006 2007 2008 2009 2010 2011 2012 2013 2014
[1] "Bristol Rovers"
 [1]    0 1920 1921 1922 1923 1924 1925 1926 1927 1928 1929 1930 1931 1932 1933 1934
[17] 1935 1936 1937 1938 1939 1946 1947 1948 1949 1950 1951 1952 1953 1954 1955 1956
[33] 1957 1958 1959 1960 1961 1962 1963 1964 1965 1966 1967 1968 1969 1970 1971 1972
[49] 1973 1974 1975 1976 1977 1978 1979 1980 1981 1982 1983 1984 1985 1986 1987 1988
[65] 1989 1990 1991 1992 1993 1994 1995 1996 1997 1998 1999 2000 2001 2002 2003 2004
[81] 2005 2006 2007 2008 2009 2010 2011 2012 2013
[1] "Burnley"
  [1]    0 1888 1889 1890 1891 1892 1893 1894 1895 1896 1897 1898 1899 1900 1901 1902
 [17] 1903 1904 1905 1906 1907 1908 1909 1910 1911 1912 1913 1914 1919 1920 1921 1922
 [33] 1923 1924 1925 1926 1927 1928 1929 1930 1931 1932 1933 1934 1935 1936 1937 1938
 [49] 1939 1946 1947 1948 1949 1950 1951 1952 1953 1954 1955 1956 1957 1958 1959 1960
 [65] 1961 1962 1963 1964 1965 1966 1967 1968 1969 1970 1971 1972 1973 1974 1975 1976
 [81] 1977 1978 1979 1980 1981 1982 1983 1984 1985 1986 1987 1988 1989 1990 1991 1992
 [97] 1993 1994 1995 1996 1997 1998 1999 2000 2001 2002 2003 2004 2005 2006 2007 2008
[113] 2009 2010 2011 2012 2013 2014
[1] "Burton Albion"
[1]    0 2009 2010 2011 2012 2013 2014
[1] "Burton Swifts"
 [1]    0 1892 1893 1894 1895 1896 1897 1898 1899 1900
[1] "Burton United"
[1]    0 1901 1902 1903 1904 1905 1906
[1] "Burton Wanderers"
[1]    0 1894 1895 1896
[1] "Bury"
  [1]    0 1894 1895 1896 1897 1898 1899 1900 1901 1902 1903 1904 1905 1906 1907 1908
 [17] 1909 1910 1911 1912 1913 1914 1919 1920 1921 1922 1923 1924 1925 1926 1927 1928
 [33] 1929 1930 1931 1932 1933 1934 1935 1936 1937 1938 1939 1946 1947 1948 1949 1950
 [49] 1951 1952 1953 1954 1955 1956 1957 1958 1959 1960 1961 1962 1963 1964 1965 1966
 [65] 1967 1968 1969 1970 1971 1972 1973 1974 1975 1976 1977 1978 1979 1980 1981 1982
 [81] 1983 1984 1985 1986 1987 1988 1989 1990 1991 1992 1993 1994 1995 1996 1997 1998
 [97] 1999 2000 2001 2002 2003 2004 2005 2006 2007 2008 2009 2010 2011 2012 2013 2014
[1] "Cambridge United"
 [1]    0 1970 1971 1972 1973 1974 1975 1976 1977 1978 1979 1980 1981 1982 1983 1984
[17] 1985 1986 1987 1988 1989 1990 1991 1992 1993 1994 1995 1996 1997 1998 1999 2000
[33] 2001 2002 2003 2004 2014
[1] "Cardiff City"
 [1]    0 1920 1921 1922 1923 1924 1925 1926 1927 1928 1929 1930 1931 1932 1933 1934
[17] 1935 1936 1937 1938 1939 1946 1947 1948 1949 1950 1951 1952 1953 1954 1955 1956
[33] 1957 1958 1959 1960 1961 1962 1963 1964 1965 1966 1967 1968 1969 1970 1971 1972
[49] 1973 1974 1975 1976 1977 1978 1979 1980 1981 1982 1983 1984 1985 1986 1987 1988
[65] 1989 1990 1991 1992 1993 1994 1995 1996 1997 1998 1999 2000 2001 2002 2003 2004
[81] 2005 2006 2007 2008 2009 2010 2011 2012 2013 2014
[1] "Carlisle United"
 [1]    0 1928 1929 1930 1931 1932 1933 1934 1935 1936 1937 1938 1939 1946 1947 1948
[17] 1949 1950 1951 1952 1953 1954 1955 1956 1957 1958 1959 1960 1961 1962 1963 1964
[33] 1965 1966 1967 1968 1969 1970 1971 1972 1973 1974 1975 1976 1977 1978 1979 1980
[49] 1981 1982 1983 1984 1985 1986 1987 1988 1989 1990 1991 1992 1993 1994 1995 1996
[65] 1997 1998 1999 2000 2001 2002 2003 2005 2006 2007 2008 2009 2010 2011 2012 2013
[81] 2014
[1] "Charlton Athletic"
 [1]    0 1921 1922 1923 1924 1925 1926 1927 1928 1929 1930 1931 1932 1933 1934 1935
[17] 1936 1937 1938 1939 1946 1947 1948 1949 1950 1951 1952 1953 1954 1955 1956 1957
[33] 1958 1959 1960 1961 1962 1963 1964 1965 1966 1967 1968 1969 1970 1971 1972 1973
[49] 1974 1975 1976 1977 1978 1979 1980 1981 1982 1983 1984 1985 1986 1987 1988 1989
[65] 1990 1991 1992 1993 1994 1995 1996 1997 1998 1999 2000 2001 2002 2003 2004 2005
[81] 2006 2007 2008 2009 2010 2011 2012 2013 2014
[1] "Chelsea"
  [1]    0 1905 1906 1907 1908 1909 1910 1911 1912 1913 1914 1919 1920 1921 1922 1923
 [17] 1924 1925 1926 1927 1928 1929 1930 1931 1932 1933 1934 1935 1936 1937 1938 1939
 [33] 1946 1947 1948 1949 1950 1951 1952 1953 1954 1955 1956 1957 1958 1959 1960 1961
 [49] 1962 1963 1964 1965 1966 1967 1968 1969 1970 1971 1972 1973 1974 1975 1976 1977
 [65] 1978 1979 1980 1981 1982 1983 1984 1985 1986 1987 1988 1989 1990 1991 1992 1993
 [81] 1994 1995 1996 1997 1998 1999 2000 2001 2002 2003 2004 2005 2006 2007 2008 2009
 [97] 2010 2011 2012 2013 2014
[1] "Cheltenham"
 [1]    0 1999 2000 2001 2002 2003 2004 2005 2006 2007 2008 2009 2010 2011 2012 2013
[17] 2014
[1] "Chester"
 [1]    0 1931 1932 1933 1934 1935 1936 1937 1938 1939 1946 1947 1948 1949 1950 1951
[17] 1952 1953 1954 1955 1956 1957 1958 1959 1960 1961 1962 1963 1964 1965 1966 1967
[33] 1968 1969 1970 1971 1972 1973 1974 1975 1976 1977 1978 1979 1980 1981 1982 1983
[49] 1984 1985 1986 1987 1988 1989 1990 1991 1992 1993 1994 1995 1996 1997 1998 1999
[65] 2004 2005 2006 2007 2008
[1] "Chesterfield"
 [1]    0 1899 1900 1901 1902 1903 1904 1905 1906 1907 1908 1921 1922 1923 1924 1925
[17] 1926 1927 1928 1929 1930 1931 1932 1933 1934 1935 1936 1937 1938 1939 1946 1947
[33] 1948 1949 1950 1951 1952 1953 1954 1955 1956 1957 1958 1959 1960 1961 1962 1963
[49] 1964 1965 1966 1967 1968 1969 1970 1971 1972 1973 1974 1975 1976 1977 1978 1979
[65] 1980 1981 1982 1983 1984 1985 1986 1987 1988 1989 1990 1991 1992 1993 1994 1995
[81] 1996 1997 1998 1999 2000 2001 2002 2003 2004 2005 2006 2007 2008 2009 2010 2011
[97] 2012 2013 2014
[1] "Colchester United"
 [1]    0 1950 1951 1952 1953 1954 1955 1956 1957 1958 1959 1960 1961 1962 1963 1964
[17] 1965 1966 1967 1968 1969 1970 1971 1972 1973 1974 1975 1976 1977 1978 1979 1980
[33] 1981 1982 1983 1984 1985 1986 1987 1988 1989 1992 1993 1994 1995 1996 1997 1998
[49] 1999 2000 2001 2002 2003 2004 2005 2006 2007 2008 2009 2010 2011 2012 2013 2014
[1] "Coventry City"
 [1]    0 1919 1920 1921 1922 1923 1924 1925 1926 1927 1928 1929 1930 1931 1932 1933
[17] 1934 1935 1936 1937 1938 1939 1946 1947 1948 1949 1950 1951 1952 1953 1954 1955
[33] 1956 1957 1958 1959 1960 1961 1962 1963 1964 1965 1966 1967 1968 1969 1970 1971
[49] 1972 1973 1974 1975 1976 1977 1978 1979 1980 1981 1982 1983 1984 1985 1986 1987
[65] 1988 1989 1990 1991 1992 1993 1994 1995 1996 1997 1998 1999 2000 2001 2002 2003
[81] 2004 2005 2006 2007 2008 2009 2010 2011 2012 2013 2014
[1] "Crawley Town"
[1]    0 2011 2012 2013 2014
[1] "Crewe Alexandra"
 [1]    0 1892 1893 1894 1895 1921 1922 1923 1924 1925 1926 1927 1928 1929 1930 1931
[17] 1932 1933 1934 1935 1936 1937 1938 1939 1946 1947 1948 1949 1950 1951 1952 1953
[33] 1954 1955 1956 1957 1958 1959 1960 1961 1962 1963 1964 1965 1966 1967 1968 1969
[49] 1970 1971 1972 1973 1974 1975 1976 1977 1978 1979 1980 1981 1982 1983 1984 1985
[65] 1986 1987 1988 1989 1990 1991 1992 1993 1994 1995 1996 1997 1998 1999 2000 2001
[81] 2002 2003 2004 2005 2006 2007 2008 2009 2010 2011 2012 2013 2014
[1] "Crystal Palace"
 [1]    0 1920 1921 1922 1923 1924 1925 1926 1927 1928 1929 1930 1931 1932 1933 1934
[17] 1935 1936 1937 1938 1939 1946 1947 1948 1949 1950 1951 1952 1953 1954 1955 1956
[33] 1957 1958 1959 1960 1961 1962 1963 1964 1965 1966 1967 1968 1969 1970 1971 1972
[49] 1973 1974 1975 1976 1977 1978 1979 1980 1981 1982 1983 1984 1985 1986 1987 1988
[65] 1989 1990 1991 1992 1993 1994 1995 1996 1997 1998 1999 2000 2001 2002 2003 2004
[81] 2005 2006 2007 2008 2009 2010 2011 2012 2013 2014
[1] "Dagenham and Redbridge"
[1]    0 2007 2008 2009 2010 2011 2012 2013 2014
[1] "Darlington"
 [1]    0 1921 1922 1923 1924 1925 1926 1927 1928 1929 1930 1931 1932 1933 1934 1935
[17] 1936 1937 1938 1939 1946 1947 1948 1949 1950 1951 1952 1953 1954 1955 1956 1957
[33] 1958 1959 1960 1961 1962 1963 1964 1965 1966 1967 1968 1969 1970 1971 1972 1973
[49] 1974 1975 1976 1977 1978 1979 1980 1981 1982 1983 1984 1985 1986 1987 1988 1990
[65] 1991 1992 1993 1994 1995 1996 1997 1998 1999 2000 2001 2002 2003 2004 2005 2006
[81] 2007 2008 2009
[1] "Darwen"
[1]    0 1891 1892 1893 1894 1895 1896 1897 1898
[1] "Derby County"
  [1]    0 1888 1889 1890 1891 1892 1893 1894 1895 1896 1897 1898 1899 1900 1901 1902
 [17] 1903 1904 1905 1906 1907 1908 1909 1910 1911 1912 1913 1914 1919 1920 1921 1922
 [33] 1923 1924 1925 1926 1927 1928 1929 1930 1931 1932 1933 1934 1935 1936 1937 1938
 [49] 1939 1946 1947 1948 1949 1950 1951 1952 1953 1954 1955 1956 1957 1958 1959 1960
 [65] 1961 1962 1963 1964 1965 1966 1967 1968 1969 1970 1971 1972 1973 1974 1975 1976
 [81] 1977 1978 1979 1980 1981 1982 1983 1984 1985 1986 1987 1988 1989 1990 1991 1992
 [97] 1993 1994 1995 1996 1997 1998 1999 2000 2001 2002 2003 2004 2005 2006 2007 2008
[113] 2009 2010 2011 2012 2013 2014
[1] "Doncaster Rovers"
 [1]    0 1901 1902 1904 1923 1924 1925 1926 1927 1928 1929 1930 1931 1932 1933 1934
[17] 1935 1936 1937 1938 1939 1946 1947 1948 1949 1950 1951 1952 1953 1954 1955 1956
[33] 1957 1958 1959 1960 1961 1962 1963 1964 1965 1966 1967 1968 1969 1970 1971 1972
[49] 1973 1974 1975 1976 1977 1978 1979 1980 1981 1982 1983 1984 1985 1986 1987 1988
[65] 1989 1990 1991 1992 1993 1994 1995 1996 1997 2003 2004 2005 2006 2007 2008 2009
[81] 2010 2011 2012 2013 2014
[1] "Durham City"
[1]    0 1921 1922 1923 1924 1925 1926 1927
[1] "Everton"
  [1]    0 1888 1889 1890 1891 1892 1893 1894 1895 1896 1897 1898 1899 1900 1901 1902
 [17] 1903 1904 1905 1906 1907 1908 1909 1910 1911 1912 1913 1914 1919 1920 1921 1922
 [33] 1923 1924 1925 1926 1927 1928 1929 1930 1931 1932 1933 1934 1935 1936 1937 1938
 [49] 1939 1946 1947 1948 1949 1950 1951 1952 1953 1954 1955 1956 1957 1958 1959 1960
 [65] 1961 1962 1963 1964 1965 1966 1967 1968 1969 1970 1971 1972 1973 1974 1975 1976
 [81] 1977 1978 1979 1980 1981 1982 1983 1984 1985 1986 1987 1988 1989 1990 1991 1992
 [97] 1993 1994 1995 1996 1997 1998 1999 2000 2001 2002 2003 2004 2005 2006 2007 2008
[113] 2009 2010 2011 2012 2013 2014
[1] "Exeter City"
 [1]    0 1920 1921 1922 1923 1924 1925 1926 1927 1928 1929 1930 1931 1932 1933 1934
[17] 1935 1936 1937 1938 1939 1946 1947 1948 1949 1950 1951 1952 1953 1954 1955 1956
[33] 1957 1958 1959 1960 1961 1962 1963 1964 1965 1966 1967 1968 1969 1970 1971 1972
[49] 1973 1974 1975 1976 1977 1978 1979 1980 1981 1982 1983 1984 1985 1986 1987 1988
[65] 1989 1990 1991 1992 1993 1994 1995 1996 1997 1998 1999 2000 2001 2002 2008 2009
[81] 2010 2011 2012 2013 2014
[1] "Fleetwood Town"
[1]    0 2012 2013 2014
[1] "Fulham"
 [1]    0 1907 1908 1909 1910 1911 1912 1913 1914 1919 1920 1921 1922 1923 1924 1925
[17] 1926 1927 1928 1929 1930 1931 1932 1933 1934 1935 1936 1937 1938 1939 1946 1947
[33] 1948 1949 1950 1951 1952 1953 1954 1955 1956 1957 1958 1959 1960 1961 1962 1963
[49] 1964 1965 1966 1967 1968 1969 1970 1971 1972 1973 1974 1975 1976 1977 1978 1979
[65] 1980 1981 1982 1983 1984 1985 1986 1987 1988 1989 1990 1991 1992 1993 1994 1995
[81] 1996 1997 1998 1999 2000 2001 2002 2003 2004 2005 2006 2007 2008 2009 2010 2011
[97] 2012 2013 2014
[1] "Gainsborough Trinity"
 [1]    0 1896 1897 1898 1899 1900 1901 1902 1903 1904 1905 1906 1907 1908 1909 1910
[17] 1911
[1] "Gateshead"
 [1]    0 1930 1931 1932 1933 1934 1935 1936 1937 1938 1939 1946 1947 1948 1949 1950
[17] 1951 1952 1953 1954 1955 1956 1957 1958 1959
[1] "Gillingham"
 [1]    0 1920 1921 1922 1923 1924 1925 1926 1927 1928 1929 1930 1931 1932 1933 1934
[17] 1935 1936 1937 1950 1951 1952 1953 1954 1955 1956 1957 1958 1959 1960 1961 1962
[33] 1963 1964 1965 1966 1967 1968 1969 1970 1971 1972 1973 1974 1975 1976 1977 1978
[49] 1979 1980 1981 1982 1983 1984 1985 1986 1987 1988 1989 1990 1991 1992 1993 1994
[65] 1995 1996 1997 1998 1999 2000 2001 2002 2003 2004 2005 2006 2007 2008 2009 2010
[81] 2011 2012 2013 2014
[1] "Glossop North End"
 [1]    0 1898 1899 1900 1901 1902 1903 1904 1905 1906 1907 1908 1909 1910 1911 1912
[17] 1913 1914
[1] "Grimsby Town"
  [1]    0 1892 1893 1894 1895 1896 1897 1898 1899 1900 1901 1902 1903 1904 1905 1906
 [17] 1907 1908 1909 1911 1912 1913 1914 1919 1920 1921 1922 1923 1924 1925 1926 1927
 [33] 1928 1929 1930 1931 1932 1933 1934 1935 1936 1937 1938 1939 1946 1947 1948 1949
 [49] 1950 1951 1952 1953 1954 1955 1956 1957 1958 1959 1960 1961 1962 1963 1964 1965
 [65] 1966 1967 1968 1969 1970 1971 1972 1973 1974 1975 1976 1977 1978 1979 1980 1981
 [81] 1982 1983 1984 1985 1986 1987 1988 1989 1990 1991 1992 1993 1994 1995 1996 1997
 [97] 1998 1999 2000 2001 2002 2003 2004 2005 2006 2007 2008 2009
[1] "Halifax Town"
 [1]    0 1921 1922 1923 1924 1925 1926 1927 1928 1929 1930 1931 1932 1933 1934 1935
[17] 1936 1937 1938 1939 1946 1947 1948 1949 1950 1951 1952 1953 1954 1955 1956 1957
[33] 1958 1959 1960 1961 1962 1963 1964 1965 1966 1967 1968 1969 1970 1971 1972 1973
[49] 1974 1975 1976 1977 1978 1979 1980 1981 1982 1983 1984 1985 1986 1987 1988 1989
[65] 1990 1991 1992 1998 1999 2000 2001
[1] "Hartlepool United"
 [1]    0 1921 1922 1923 1924 1925 1926 1927 1928 1929 1930 1931 1932 1933 1934 1935
[17] 1936 1937 1938 1939 1946 1947 1948 1949 1950 1951 1952 1953 1954 1955 1956 1957
[33] 1958 1959 1960 1961 1962 1963 1964 1965 1966 1967 1968 1969 1970 1971 1972 1973
[49] 1974 1975 1976 1977 1978 1979 1980 1981 1982 1983 1984 1985 1986 1987 1988 1989
[65] 1990 1991 1992 1993 1994 1995 1996 1997 1998 1999 2000 2001 2002 2003 2004 2005
[81] 2006 2007 2008 2009 2010 2011 2012 2013 2014
[1] "Hereford United"
 [1]    0 1972 1973 1974 1975 1976 1977 1978 1979 1980 1981 1982 1983 1984 1985 1986
[17] 1987 1988 1989 1990 1991 1992 1993 1994 1995 1996 2006 2007 2008 2009 2010 2011
[1] "Huddersfield Town"
 [1]    0 1910 1911 1912 1913 1914 1919 1920 1921 1922 1923 1924 1925 1926 1927 1928
[17] 1929 1930 1931 1932 1933 1934 1935 1936 1937 1938 1939 1946 1947 1948 1949 1950
[33] 1951 1952 1953 1954 1955 1956 1957 1958 1959 1960 1961 1962 1963 1964 1965 1966
[49] 1967 1968 1969 1970 1971 1972 1973 1974 1975 1976 1977 1978 1979 1980 1981 1982
[65] 1983 1984 1985 1986 1987 1988 1989 1990 1991 1992 1993 1994 1995 1996 1997 1998
[81] 1999 2000 2001 2002 2003 2004 2005 2006 2007 2008 2009 2010 2011 2012 2013 2014
[1] "Hull City"
  [1]    0 1905 1906 1907 1908 1909 1910 1911 1912 1913 1914 1919 1920 1921 1922 1923
 [17] 1924 1925 1926 1927 1928 1929 1930 1931 1932 1933 1934 1935 1936 1937 1938 1939
 [33] 1946 1947 1948 1949 1950 1951 1952 1953 1954 1955 1956 1957 1958 1959 1960 1961
 [49] 1962 1963 1964 1965 1966 1967 1968 1969 1970 1971 1972 1973 1974 1975 1976 1977
 [65] 1978 1979 1980 1981 1982 1983 1984 1985 1986 1987 1988 1989 1990 1991 1992 1993
 [81] 1994 1995 1996 1997 1998 1999 2000 2001 2002 2003 2004 2005 2006 2007 2008 2009
 [97] 2010 2011 2012 2013 2014
[1] "Ipswich Town"
 [1]    0 1938 1939 1946 1947 1948 1949 1950 1951 1952 1953 1954 1955 1956 1957 1958
[17] 1959 1960 1961 1962 1963 1964 1965 1966 1967 1968 1969 1970 1971 1972 1973 1974
[33] 1975 1976 1977 1978 1979 1980 1981 1982 1983 1984 1985 1986 1987 1988 1989 1990
[49] 1991 1992 1993 1994 1995 1996 1997 1998 1999 2000 2001 2002 2003 2004 2005 2006
[65] 2007 2008 2009 2010 2011 2012 2013 2014
[1] "Kidderminster Harriers"
[1]    0 2000 2001 2002 2003 2004
[1] "Leeds City"
 [1]    0 1905 1906 1907 1908 1909 1910 1911 1912 1913 1914 1919
[1] "Leeds United"
 [1]    0 1920 1921 1922 1923 1924 1925 1926 1927 1928 1929 1930 1931 1932 1933 1934
[17] 1935 1936 1937 1938 1939 1946 1947 1948 1949 1950 1951 1952 1953 1954 1955 1956
[33] 1957 1958 1959 1960 1961 1962 1963 1964 1965 1966 1967 1968 1969 1970 1971 1972
[49] 1973 1974 1975 1976 1977 1978 1979 1980 1981 1982 1983 1984 1985 1986 1987 1988
[65] 1989 1990 1991 1992 1993 1994 1995 1996 1997 1998 1999 2000 2001 2002 2003 2004
[81] 2005 2006 2007 2008 2009 2010 2011 2012 2013 2014
[1] "Leicester City"
  [1]    0 1894 1895 1896 1897 1898 1899 1900 1901 1902 1903 1904 1905 1906 1907 1908
 [17] 1909 1910 1911 1912 1913 1914 1919 1920 1921 1922 1923 1924 1925 1926 1927 1928
 [33] 1929 1930 1931 1932 1933 1934 1935 1936 1937 1938 1939 1946 1947 1948 1949 1950
 [49] 1951 1952 1953 1954 1955 1956 1957 1958 1959 1960 1961 1962 1963 1964 1965 1966
 [65] 1967 1968 1969 1970 1971 1972 1973 1974 1975 1976 1977 1978 1979 1980 1981 1982
 [81] 1983 1984 1985 1986 1987 1988 1989 1990 1991 1992 1993 1994 1995 1996 1997 1998
 [97] 1999 2000 2001 2002 2003 2004 2005 2006 2007 2008 2009 2010 2011 2012 2013 2014
[1] "Leyton Orient"
  [1]    0 1905 1906 1907 1908 1909 1910 1911 1912 1913 1914 1919 1920 1921 1922 1923
 [17] 1924 1925 1926 1927 1928 1929 1930 1931 1932 1933 1934 1935 1936 1937 1938 1939
 [33] 1946 1947 1948 1949 1950 1951 1952 1953 1954 1955 1956 1957 1958 1959 1960 1961
 [49] 1962 1963 1964 1965 1966 1967 1968 1969 1970 1971 1972 1973 1974 1975 1976 1977
 [65] 1978 1979 1980 1981 1982 1983 1984 1985 1986 1987 1988 1989 1990 1991 1992 1993
 [81] 1994 1995 1996 1997 1998 1999 2000 2001 2002 2003 2004 2005 2006 2007 2008 2009
 [97] 2010 2011 2012 2013 2014
[1] "Lincoln City"
  [1]    0 1892 1893 1894 1895 1896 1897 1898 1899 1900 1901 1902 1903 1904 1905 1906
 [17] 1907 1909 1910 1912 1913 1914 1919 1921 1922 1923 1924 1925 1926 1927 1928 1929
 [33] 1930 1931 1932 1933 1934 1935 1936 1937 1938 1939 1946 1947 1948 1949 1950 1951
 [49] 1952 1953 1954 1955 1956 1957 1958 1959 1960 1961 1962 1963 1964 1965 1966 1967
 [65] 1968 1969 1970 1971 1972 1973 1974 1975 1976 1977 1978 1979 1980 1981 1982 1983
 [81] 1984 1985 1986 1988 1989 1990 1991 1992 1993 1994 1995 1996 1997 1998 1999 2000
 [97] 2001 2002 2003 2004 2005 2006 2007 2008 2009 2010
[1] "Liverpool"
  [1]    0 1893 1894 1895 1896 1897 1898 1899 1900 1901 1902 1903 1904 1905 1906 1907
 [17] 1908 1909 1910 1911 1912 1913 1914 1919 1920 1921 1922 1923 1924 1925 1926 1927
 [33] 1928 1929 1930 1931 1932 1933 1934 1935 1936 1937 1938 1939 1946 1947 1948 1949
 [49] 1950 1951 1952 1953 1954 1955 1956 1957 1958 1959 1960 1961 1962 1963 1964 1965
 [65] 1966 1967 1968 1969 1970 1971 1972 1973 1974 1975 1976 1977 1978 1979 1980 1981
 [81] 1982 1983 1984 1985 1986 1987 1988 1989 1990 1991 1992 1993 1994 1995 1996 1997
 [97] 1998 1999 2000 2001 2002 2003 2004 2005 2006 2007 2008 2009 2010 2011 2012 2013
[113] 2014
[1] "Loughborough"
[1]    0 1895 1896 1897 1898 1899
[1] "Luton Town"
 [1]    0 1897 1898 1899 1920 1921 1922 1923 1924 1925 1926 1927 1928 1929 1930 1931
[17] 1932 1933 1934 1935 1936 1937 1938 1939 1946 1947 1948 1949 1950 1951 1952 1953
[33] 1954 1955 1956 1957 1958 1959 1960 1961 1962 1963 1964 1965 1966 1967 1968 1969
[49] 1970 1971 1972 1973 1974 1975 1976 1977 1978 1979 1980 1981 1982 1983 1984 1985
[65] 1986 1987 1988 1989 1990 1991 1992 1993 1994 1995 1996 1997 1998 1999 2000 2001
[81] 2002 2003 2004 2005 2006 2007 2008 2014
[1] "Macclesfield"
 [1]    0 1997 1998 1999 2000 2001 2002 2003 2004 2005 2006 2007 2008 2009 2010 2011
[1] "Maidstone United"
[1]    0 1989 1990 1991
[1] "Manchester City"
  [1]    0 1892 1893 1894 1895 1896 1897 1898 1899 1900 1901 1902 1903 1904 1905 1906
 [17] 1907 1908 1909 1910 1911 1912 1913 1914 1919 1920 1921 1922 1923 1924 1925 1926
 [33] 1927 1928 1929 1930 1931 1932 1933 1934 1935 1936 1937 1938 1939 1946 1947 1948
 [49] 1949 1950 1951 1952 1953 1954 1955 1956 1957 1958 1959 1960 1961 1962 1963 1964
 [65] 1965 1966 1967 1968 1969 1970 1971 1972 1973 1974 1975 1976 1977 1978 1979 1980
 [81] 1981 1982 1983 1984 1985 1986 1987 1988 1989 1990 1991 1992 1993 1994 1995 1996
 [97] 1997 1998 1999 2000 2001 2002 2003 2004 2005 2006 2007 2008 2009 2010 2011 2012
[113] 2013 2014
[1] "Manchester United"
  [1]    0 1892 1893 1894 1895 1896 1897 1898 1899 1900 1901 1902 1903 1904 1905 1906
 [17] 1907 1908 1909 1910 1911 1912 1913 1914 1919 1920 1921 1922 1923 1924 1925 1926
 [33] 1927 1928 1929 1930 1931 1932 1933 1934 1935 1936 1937 1938 1939 1946 1947 1948
 [49] 1949 1950 1951 1952 1953 1954 1955 1956 1957 1958 1959 1960 1961 1962 1963 1964
 [65] 1965 1966 1967 1968 1969 1970 1971 1972 1973 1974 1975 1976 1977 1978 1979 1980
 [81] 1981 1982 1983 1984 1985 1986 1987 1988 1989 1990 1991 1992 1993 1994 1995 1996
 [97] 1997 1998 1999 2000 2001 2002 2003 2004 2005 2006 2007 2008 2009 2010 2011 2012
[113] 2013 2014
[1] "Mansfield Town"
 [1]    0 1931 1932 1933 1934 1935 1936 1937 1938 1939 1946 1947 1948 1949 1950 1951
[17] 1952 1953 1954 1955 1956 1957 1958 1959 1960 1961 1962 1963 1964 1965 1966 1967
[33] 1968 1969 1970 1971 1972 1973 1974 1975 1976 1977 1978 1979 1980 1981 1982 1983
[49] 1984 1985 1986 1987 1988 1989 1990 1991 1992 1993 1994 1995 1996 1997 1998 1999
[65] 2000 2001 2002 2003 2004 2005 2006 2007 2013 2014
[1] "Merthyr Town"
 [1]    0 1920 1921 1922 1923 1924 1925 1926 1927 1928 1929
[1] "Middlesbrough"
  [1]    0 1899 1900 1901 1902 1903 1904 1905 1906 1907 1908 1909 1910 1911 1912 1913
 [17] 1914 1919 1920 1921 1922 1923 1924 1925 1926 1927 1928 1929 1930 1931 1932 1933
 [33] 1934 1935 1936 1937 1938 1939 1946 1947 1948 1949 1950 1951 1952 1953 1954 1955
 [49] 1956 1957 1958 1959 1960 1961 1962 1963 1964 1965 1966 1967 1968 1969 1970 1971
 [65] 1972 1973 1974 1975 1976 1977 1978 1979 1980 1981 1982 1983 1984 1985 1986 1987
 [81] 1988 1989 1990 1991 1992 1993 1994 1995 1996 1997 1998 1999 2000 2001 2002 2003
 [97] 2004 2005 2006 2007 2008 2009 2010 2011 2012 2013 2014
[1] "Middlesbrough Ironopolis"
[1]    0 1893
[1] "Millwall"
 [1]    0 1920 1921 1922 1923 1924 1925 1926 1927 1928 1929 1930 1931 1932 1933 1934
[17] 1935 1936 1937 1938 1939 1946 1947 1948 1949 1950 1951 1952 1953 1954 1955 1956
[33] 1957 1958 1959 1960 1961 1962 1963 1964 1965 1966 1967 1968 1969 1970 1971 1972
[49] 1973 1974 1975 1976 1977 1978 1979 1980 1981 1982 1983 1984 1985 1986 1987 1988
[65] 1989 1990 1991 1992 1993 1994 1995 1996 1997 1998 1999 2000 2001 2002 2003 2004
[81] 2005 2006 2007 2008 2009 2010 2011 2012 2013 2014
[1] "Milton Keynes Dons"
 [1]    0 2004 2005 2006 2007 2008 2009 2010 2011 2012 2013 2014
[1] "Morecambe"
[1]    0 2007 2008 2009 2010 2011 2012 2013 2014
[1] "Nelson"
 [1]    0 1921 1922 1923 1924 1925 1926 1927 1928 1929 1930
[1] "New Brighton"
 [1]    0 1923 1924 1925 1926 1927 1928 1929 1930 1931 1932 1933 1934 1935 1936 1937
[17] 1938 1939 1946 1947 1948 1949 1950
[1] "New Brighton Tower"
[1]    0 1898 1899 1900
[1] "Newcastle United"
  [1]    0 1893 1894 1895 1896 1897 1898 1899 1900 1901 1902 1903 1904 1905 1906 1907
 [17] 1908 1909 1910 1911 1912 1913 1914 1919 1920 1921 1922 1923 1924 1925 1926 1927
 [33] 1928 1929 1930 1931 1932 1933 1934 1935 1936 1937 1938 1939 1946 1947 1948 1949
 [49] 1950 1951 1952 1953 1954 1955 1956 1957 1958 1959 1960 1961 1962 1963 1964 1965
 [65] 1966 1967 1968 1969 1970 1971 1972 1973 1974 1975 1976 1977 1978 1979 1980 1981
 [81] 1982 1983 1984 1985 1986 1987 1988 1989 1990 1991 1992 1993 1994 1995 1996 1997
 [97] 1998 1999 2000 2001 2002 2003 2004 2005 2006 2007 2008 2009 2010 2011 2012 2013
[113] 2014
[1] "Newport County"
 [1]    0 1920 1921 1922 1923 1924 1925 1926 1927 1928 1929 1930 1932 1933 1934 1935
[17] 1936 1937 1938 1939 1946 1947 1948 1949 1950 1951 1952 1953 1954 1955 1956 1957
[33] 1958 1959 1960 1961 1962 1963 1964 1965 1966 1967 1968 1969 1970 1971 1972 1973
[49] 1974 1975 1976 1977 1978 1979 1980 1981 1982 1983 1984 1985 1986 1987 2013 2014
[1] "Northampton Town"
 [1]    0 1920 1921 1922 1923 1924 1925 1926 1927 1928 1929 1930 1931 1932 1933 1934
[17] 1935 1936 1937 1938 1939 1946 1947 1948 1949 1950 1951 1952 1953 1954 1955 1956
[33] 1957 1958 1959 1960 1961 1962 1963 1964 1965 1966 1967 1968 1969 1970 1971 1972
[49] 1973 1974 1975 1976 1977 1978 1979 1980 1981 1982 1983 1984 1985 1986 1987 1988
[65] 1989 1990 1991 1992 1993 1994 1995 1996 1997 1998 1999 2000 2001 2002 2003 2004
[81] 2005 2006 2007 2008 2009 2010 2011 2012 2013 2014
[1] "Northwich Victoria"
[1]    0 1892 1893
[1] "Norwich City"
 [1]    0 1920 1921 1922 1923 1924 1925 1926 1927 1928 1929 1930 1931 1932 1933 1934
[17] 1935 1936 1937 1938 1939 1946 1947 1948 1949 1950 1951 1952 1953 1954 1955 1956
[33] 1957 1958 1959 1960 1961 1962 1963 1964 1965 1966 1967 1968 1969 1970 1971 1972
[49] 1973 1974 1975 1976 1977 1978 1979 1980 1981 1982 1983 1984 1985 1986 1987 1988
[65] 1989 1990 1991 1992 1993 1994 1995 1996 1997 1998 1999 2000 2001 2002 2003 2004
[81] 2005 2006 2007 2008 2009 2010 2011 2012 2013 2014
[1] "Nottingham Forest"
  [1]    0 1892 1893 1894 1895 1896 1897 1898 1899 1900 1901 1902 1903 1904 1905 1906
 [17] 1907 1908 1909 1910 1911 1912 1913 1914 1919 1920 1921 1922 1923 1924 1925 1926
 [33] 1927 1928 1929 1930 1931 1932 1933 1934 1935 1936 1937 1938 1939 1946 1947 1948
 [49] 1949 1950 1951 1952 1953 1954 1955 1956 1957 1958 1959 1960 1961 1962 1963 1964
 [65] 1965 1966 1967 1968 1969 1970 1971 1972 1973 1974 1975 1976 1977 1978 1979 1980
 [81] 1981 1982 1983 1984 1985 1986 1987 1988 1989 1990 1991 1992 1993 1994 1995 1996
 [97] 1997 1998 1999 2000 2001 2002 2003 2004 2005 2006 2007 2008 2009 2010 2011 2012
[113] 2013 2014
[1] "Notts County"
  [1]    0 1888 1889 1890 1891 1892 1893 1894 1895 1896 1897 1898 1899 1900 1901 1902
 [17] 1903 1904 1905 1906 1907 1908 1909 1910 1911 1912 1913 1914 1919 1920 1921 1922
 [33] 1923 1924 1925 1926 1927 1928 1929 1930 1931 1932 1933 1934 1935 1936 1937 1938
 [49] 1939 1946 1947 1948 1949 1950 1951 1952 1953 1954 1955 1956 1957 1958 1959 1960
 [65] 1961 1962 1963 1964 1965 1966 1967 1968 1969 1970 1971 1972 1973 1974 1975 1976
 [81] 1977 1978 1979 1980 1981 1982 1983 1984 1985 1986 1987 1988 1989 1990 1991 1992
 [97] 1993 1994 1995 1996 1997 1998 1999 2000 2001 2002 2003 2004 2005 2006 2007 2008
[113] 2009 2010 2011 2012 2013 2014
[1] "Oldham Athletic"
 [1]    0 1907 1908 1909 1910 1911 1912 1913 1914 1919 1920 1921 1922 1923 1924 1925
[17] 1926 1927 1928 1929 1930 1931 1932 1933 1934 1935 1936 1937 1938 1939 1946 1947
[33] 1948 1949 1950 1951 1952 1953 1954 1955 1956 1957 1958 1959 1960 1961 1962 1963
[49] 1964 1965 1966 1967 1968 1969 1970 1971 1972 1973 1974 1975 1976 1977 1978 1979
[65] 1980 1981 1982 1983 1984 1985 1986 1987 1988 1989 1990 1991 1992 1993 1994 1995
[81] 1996 1997 1998 1999 2000 2001 2002 2003 2004 2005 2006 2007 2008 2009 2010 2011
[97] 2012 2013 2014
[1] "Oxford United"
 [1]    0 1962 1963 1964 1965 1966 1967 1968 1969 1970 1971 1972 1973 1974 1975 1976
[17] 1977 1978 1979 1980 1981 1982 1983 1984 1985 1986 1987 1988 1989 1990 1991 1992
[33] 1993 1994 1995 1996 1997 1998 1999 2000 2001 2002 2003 2004 2005 2010 2011 2012
[49] 2013 2014
[1] "Peterborough United"
 [1]    0 1960 1961 1962 1963 1964 1965 1966 1967 1968 1969 1970 1971 1972 1973 1974
[17] 1975 1976 1977 1978 1979 1980 1981 1982 1983 1984 1985 1986 1987 1988 1989 1990
[33] 1991 1992 1993 1994 1995 1996 1997 1998 1999 2000 2001 2002 2003 2004 2005 2006
[49] 2007 2008 2009 2010 2011 2012 2013 2014
[1] "Plymouth Argyle"
 [1]    0 1920 1921 1922 1923 1924 1925 1926 1927 1928 1929 1930 1931 1932 1933 1934
[17] 1935 1936 1937 1938 1939 1946 1947 1948 1949 1950 1951 1952 1953 1954 1955 1956
[33] 1957 1958 1959 1960 1961 1962 1963 1964 1965 1966 1967 1968 1969 1970 1971 1972
[49] 1973 1974 1975 1976 1977 1978 1979 1980 1981 1982 1983 1984 1985 1986 1987 1988
[65] 1989 1990 1991 1992 1993 1994 1995 1996 1997 1998 1999 2000 2001 2002 2003 2004
[81] 2005 2006 2007 2008 2009 2010 2011 2012 2013 2014
[1] "Port Vale"
  [1]    0 1892 1893 1894 1895 1898 1899 1900 1901 1902 1903 1904 1905 1906 1919 1920
 [17] 1921 1922 1923 1924 1925 1926 1927 1928 1929 1930 1931 1932 1933 1934 1935 1936
 [33] 1937 1938 1939 1946 1947 1948 1949 1950 1951 1952 1953 1954 1955 1956 1957 1958
 [49] 1959 1960 1961 1962 1963 1964 1965 1966 1967 1968 1969 1970 1971 1972 1973 1974
 [65] 1975 1976 1977 1978 1979 1980 1981 1982 1983 1984 1985 1986 1987 1988 1989 1990
 [81] 1991 1992 1993 1994 1995 1996 1997 1998 1999 2000 2001 2002 2003 2004 2005 2006
 [97] 2007 2008 2009 2010 2011 2012 2013 2014
[1] "Portsmouth"
 [1]    0 1920 1921 1922 1923 1924 1925 1926 1927 1928 1929 1930 1931 1932 1933 1934
[17] 1935 1936 1937 1938 1939 1946 1947 1948 1949 1950 1951 1952 1953 1954 1955 1956
[33] 1957 1958 1959 1960 1961 1962 1963 1964 1965 1966 1967 1968 1969 1970 1971 1972
[49] 1973 1974 1975 1976 1977 1978 1979 1980 1981 1982 1983 1984 1985 1986 1987 1988
[65] 1989 1990 1991 1992 1993 1994 1995 1996 1997 1998 1999 2000 2001 2002 2003 2004
[81] 2005 2006 2007 2008 2009 2010 2011 2012 2013 2014
[1] "Preston North End"
  [1]    0 1888 1889 1890 1891 1892 1893 1894 1895 1896 1897 1898 1899 1900 1901 1902
 [17] 1903 1904 1905 1906 1907 1908 1909 1910 1911 1912 1913 1914 1919 1920 1921 1922
 [33] 1923 1924 1925 1926 1927 1928 1929 1930 1931 1932 1933 1934 1935 1936 1937 1938
 [49] 1939 1946 1947 1948 1949 1950 1951 1952 1953 1954 1955 1956 1957 1958 1959 1960
 [65] 1961 1962 1963 1964 1965 1966 1967 1968 1969 1970 1971 1972 1973 1974 1975 1976
 [81] 1977 1978 1979 1980 1981 1982 1983 1984 1985 1986 1987 1988 1989 1990 1991 1992
 [97] 1993 1994 1995 1996 1997 1998 1999 2000 2001 2002 2003 2004 2005 2006 2007 2008
[113] 2009 2010 2011 2012 2013 2014
[1] "Queens Park Rangers"
 [1]    0 1920 1921 1922 1923 1924 1925 1926 1927 1928 1929 1930 1931 1932 1933 1934
[17] 1935 1936 1937 1938 1939 1946 1947 1948 1949 1950 1951 1952 1953 1954 1955 1956
[33] 1957 1958 1959 1960 1961 1962 1963 1964 1965 1966 1967 1968 1969 1970 1971 1972
[49] 1973 1974 1975 1976 1977 1978 1979 1980 1981 1982 1983 1984 1985 1986 1987 1988
[65] 1989 1990 1991 1992 1993 1994 1995 1996 1997 1998 1999 2000 2001 2002 2003 2004
[81] 2005 2006 2007 2008 2009 2010 2011 2012 2013 2014
[1] "Reading"
 [1]    0 1920 1921 1922 1923 1924 1925 1926 1927 1928 1929 1930 1931 1932 1933 1934
[17] 1935 1936 1937 1938 1939 1946 1947 1948 1949 1950 1951 1952 1953 1954 1955 1956
[33] 1957 1958 1959 1960 1961 1962 1963 1964 1965 1966 1967 1968 1969 1970 1971 1972
[49] 1973 1974 1975 1976 1977 1978 1979 1980 1981 1982 1983 1984 1985 1986 1987 1988
[65] 1989 1990 1991 1992 1993 1994 1995 1996 1997 1998 1999 2000 2001 2002 2003 2004
[81] 2005 2006 2007 2008 2009 2010 2011 2012 2013 2014
[1] "Rochdale"
 [1]    0 1921 1922 1923 1924 1925 1926 1927 1928 1929 1930 1931 1932 1933 1934 1935
[17] 1936 1937 1938 1939 1946 1947 1948 1949 1950 1951 1952 1953 1954 1955 1956 1957
[33] 1958 1959 1960 1961 1962 1963 1964 1965 1966 1967 1968 1969 1970 1971 1972 1973
[49] 1974 1975 1976 1977 1978 1979 1980 1981 1982 1983 1984 1985 1986 1987 1988 1989
[65] 1990 1991 1992 1993 1994 1995 1996 1997 1998 1999 2000 2001 2002 2003 2004 2005
[81] 2006 2007 2008 2009 2010 2011 2012 2013 2014
[1] "Rotherham County"
[1]    0 1919 1920 1921 1922 1923 1924
[1] "Rotherham Town"
[1]    0 1893 1894 1895
[1] "Rotherham United"
 [1]    0 1925 1926 1927 1928 1929 1930 1931 1932 1933 1934 1935 1936 1937 1938 1939
[17] 1946 1947 1948 1949 1950 1951 1952 1953 1954 1955 1956 1957 1958 1959 1960 1961
[33] 1962 1963 1964 1965 1966 1967 1968 1969 1970 1971 1972 1973 1974 1975 1976 1977
[49] 1978 1979 1980 1981 1982 1983 1984 1985 1986 1987 1988 1989 1990 1991 1992 1993
[65] 1994 1995 1996 1997 1998 1999 2000 2001 2002 2003 2004 2005 2006 2007 2008 2009
[81] 2010 2011 2012 2013 2014
[1] "Rushden & Diamonds"
[1]    0 2001 2002 2003 2004 2005
[1] "Scarborough"
 [1]    0 1987 1988 1989 1990 1991 1992 1993 1994 1995 1996 1997 1998
[1] "Scunthorpe United"
 [1]    0 1950 1951 1952 1953 1954 1955 1956 1957 1958 1959 1960 1961 1962 1963 1964
[17] 1965 1966 1967 1968 1969 1970 1971 1972 1973 1974 1975 1976 1977 1978 1979 1980
[33] 1981 1982 1983 1984 1985 1986 1987 1988 1989 1990 1991 1992 1993 1994 1995 1996
[49] 1997 1998 1999 2000 2001 2002 2003 2004 2005 2006 2007 2008 2009 2010 2011 2012
[65] 2013 2014
[1] "Sheffield United"
  [1]    0 1892 1893 1894 1895 1896 1897 1898 1899 1900 1901 1902 1903 1904 1905 1906
 [17] 1907 1908 1909 1910 1911 1912 1913 1914 1919 1920 1921 1922 1923 1924 1925 1926
 [33] 1927 1928 1929 1930 1931 1932 1933 1934 1935 1936 1937 1938 1939 1946 1947 1948
 [49] 1949 1950 1951 1952 1953 1954 1955 1956 1957 1958 1959 1960 1961 1962 1963 1964
 [65] 1965 1966 1967 1968 1969 1970 1971 1972 1973 1974 1975 1976 1977 1978 1979 1980
 [81] 1981 1982 1983 1984 1985 1986 1987 1988 1989 1990 1991 1992 1993 1994 1995 1996
 [97] 1997 1998 1999 2000 2001 2002 2003 2004 2005 2006 2007 2008 2009 2010 2011 2012
[113] 2013 2014
[1] "Sheffield Wednesday"
  [1]    0 1892 1893 1894 1895 1896 1897 1898 1899 1900 1901 1902 1903 1904 1905 1906
 [17] 1907 1908 1909 1910 1911 1912 1913 1914 1919 1920 1921 1922 1923 1924 1925 1926
 [33] 1927 1928 1929 1930 1931 1932 1933 1934 1935 1936 1937 1938 1939 1946 1947 1948
 [49] 1949 1950 1951 1952 1953 1954 1955 1956 1957 1958 1959 1960 1961 1962 1963 1964
 [65] 1965 1966 1967 1968 1969 1970 1971 1972 1973 1974 1975 1976 1977 1978 1979 1980
 [81] 1981 1982 1983 1984 1985 1986 1987 1988 1989 1990 1991 1992 1993 1994 1995 1996
 [97] 1997 1998 1999 2000 2001 2002 2003 2004 2005 2006 2007 2008 2009 2010 2011 2012
[113] 2013 2014
[1] "Shrewsbury Town"
 [1]    0 1950 1951 1952 1953 1954 1955 1956 1957 1958 1959 1960 1961 1962 1963 1964
[17] 1965 1966 1967 1968 1969 1970 1971 1972 1973 1974 1975 1976 1977 1978 1979 1980
[33] 1981 1982 1983 1984 1985 1986 1987 1988 1989 1990 1991 1992 1993 1994 1995 1996
[49] 1997 1998 1999 2000 2001 2002 2004 2005 2006 2007 2008 2009 2010 2011 2012 2013
[65] 2014
[1] "South Shields"
 [1]    0 1919 1920 1921 1922 1923 1924 1925 1926 1927 1928 1929
[1] "Southampton"
 [1]    0 1920 1921 1922 1923 1924 1925 1926 1927 1928 1929 1930 1931 1932 1933 1934
[17] 1935 1936 1937 1938 1939 1946 1947 1948 1949 1950 1951 1952 1953 1954 1955 1956
[33] 1957 1958 1959 1960 1961 1962 1963 1964 1965 1966 1967 1968 1969 1970 1971 1972
[49] 1973 1974 1975 1976 1977 1978 1979 1980 1981 1982 1983 1984 1985 1986 1987 1988
[65] 1989 1990 1991 1992 1993 1994 1995 1996 1997 1998 1999 2000 2001 2002 2003 2004
[81] 2005 2006 2007 2008 2009 2010 2011 2012 2013 2014
[1] "Southend United"
 [1]    0 1920 1921 1922 1923 1924 1925 1926 1927 1928 1929 1930 1931 1932 1933 1934
[17] 1935 1936 1937 1938 1939 1946 1947 1948 1949 1950 1951 1952 1953 1954 1955 1956
[33] 1957 1958 1959 1960 1961 1962 1963 1964 1965 1966 1967 1968 1969 1970 1971 1972
[49] 1973 1974 1975 1976 1977 1978 1979 1980 1981 1982 1983 1984 1985 1986 1987 1988
[65] 1989 1990 1991 1992 1993 1994 1995 1996 1997 1998 1999 2000 2001 2002 2003 2004
[81] 2005 2006 2007 2008 2009 2010 2011 2012 2013 2014
[1] "Southport"
 [1]    0 1921 1922 1923 1924 1925 1926 1927 1928 1929 1930 1931 1932 1933 1934 1935
[17] 1936 1937 1938 1939 1946 1947 1948 1949 1950 1951 1952 1953 1954 1955 1956 1957
[33] 1958 1959 1960 1961 1962 1963 1964 1965 1966 1967 1968 1969 1970 1971 1972 1973
[49] 1974 1975 1976 1977
[1] "Stalybridge Celtic"
[1]    0 1921 1922
[1] "Stevenage Borough"
[1]    0 2010 2011 2012 2013 2014
[1] "Stockport County"
  [1]    0 1900 1901 1902 1903 1905 1906 1907 1908 1909 1910 1911 1912 1913 1914 1919
 [17] 1920 1921 1922 1923 1924 1925 1926 1927 1928 1929 1930 1931 1932 1933 1934 1935
 [33] 1936 1937 1938 1939 1946 1947 1948 1949 1950 1951 1952 1953 1954 1955 1956 1957
 [49] 1958 1959 1960 1961 1962 1963 1964 1965 1966 1967 1968 1969 1970 1971 1972 1973
 [65] 1974 1975 1976 1977 1978 1979 1980 1981 1982 1983 1984 1985 1986 1987 1988 1989
 [81] 1990 1991 1992 1993 1994 1995 1996 1997 1998 1999 2000 2001 2002 2003 2004 2005
 [97] 2006 2007 2008 2009 2010
[1] "Stoke City"
  [1]    0 1888 1889 1891 1892 1893 1894 1895 1896 1897 1898 1899 1900 1901 1902 1903
 [17] 1904 1905 1906 1907 1919 1920 1921 1922 1923 1924 1925 1926 1927 1928 1929 1930
 [33] 1931 1932 1933 1934 1935 1936 1937 1938 1939 1946 1947 1948 1949 1950 1951 1952
 [49] 1953 1954 1955 1956 1957 1958 1959 1960 1961 1962 1963 1964 1965 1966 1967 1968
 [65] 1969 1970 1971 1972 1973 1974 1975 1976 1977 1978 1979 1980 1981 1982 1983 1984
 [81] 1985 1986 1987 1988 1989 1990 1991 1992 1993 1994 1995 1996 1997 1998 1999 2000
 [97] 2001 2002 2003 2004 2005 2006 2007 2008 2009 2010 2011 2012 2013 2014
[1] "Sunderland"
  [1]    0 1890 1891 1892 1893 1894 1895 1896 1897 1898 1899 1900 1901 1902 1903 1904
 [17] 1905 1906 1907 1908 1909 1910 1911 1912 1913 1914 1919 1920 1921 1922 1923 1924
 [33] 1925 1926 1927 1928 1929 1930 1931 1932 1933 1934 1935 1936 1937 1938 1939 1946
 [49] 1947 1948 1949 1950 1951 1952 1953 1954 1955 1956 1957 1958 1959 1960 1961 1962
 [65] 1963 1964 1965 1966 1967 1968 1969 1970 1971 1972 1973 1974 1975 1976 1977 1978
 [81] 1979 1980 1981 1982 1983 1984 1985 1986 1987 1988 1989 1990 1991 1992 1993 1994
 [97] 1995 1996 1997 1998 1999 2000 2001 2002 2003 2004 2005 2006 2007 2008 2009 2010
[113] 2011 2012 2013 2014
[1] "Swansea City"
 [1]    0 1920 1921 1922 1923 1924 1925 1926 1927 1928 1929 1930 1931 1932 1933 1934
[17] 1935 1936 1937 1938 1939 1946 1947 1948 1949 1950 1951 1952 1953 1954 1955 1956
[33] 1957 1958 1959 1960 1961 1962 1963 1964 1965 1966 1967 1968 1969 1970 1971 1972
[49] 1973 1974 1975 1976 1977 1978 1979 1980 1981 1982 1983 1984 1985 1986 1987 1988
[65] 1989 1990 1991 1992 1993 1994 1995 1996 1997 1998 1999 2000 2001 2002 2003 2004
[81] 2005 2006 2007 2008 2009 2010 2011 2012 2013 2014
[1] "Swindon Town"
 [1]    0 1920 1921 1922 1923 1924 1925 1926 1927 1928 1929 1930 1931 1932 1933 1934
[17] 1935 1936 1937 1938 1939 1946 1947 1948 1949 1950 1951 1952 1953 1954 1955 1956
[33] 1957 1958 1959 1960 1961 1962 1963 1964 1965 1966 1967 1968 1969 1970 1971 1972
[49] 1973 1974 1975 1976 1977 1978 1979 1980 1981 1982 1983 1984 1985 1986 1987 1988
[65] 1989 1990 1991 1992 1993 1994 1995 1996 1997 1998 1999 2000 2001 2002 2003 2004
[81] 2005 2006 2007 2008 2009 2010 2011 2012 2013 2014
[1] "Thames"
[1]    0 1930 1931
[1] "Torquay United"
 [1]    0 1927 1928 1929 1930 1931 1932 1933 1934 1935 1936 1937 1938 1939 1946 1947
[17] 1948 1949 1950 1951 1952 1953 1954 1955 1956 1957 1958 1959 1960 1961 1962 1963
[33] 1964 1965 1966 1967 1968 1969 1970 1971 1972 1973 1974 1975 1976 1977 1978 1979
[49] 1980 1981 1982 1983 1984 1985 1986 1987 1988 1989 1990 1991 1992 1993 1994 1995
[65] 1996 1997 1998 1999 2000 2001 2002 2003 2004 2005 2006 2009 2010 2011 2012 2013
[1] "Tottenham Hotspur"
 [1]    0 1908 1909 1910 1911 1912 1913 1914 1919 1920 1921 1922 1923 1924 1925 1926
[17] 1927 1928 1929 1930 1931 1932 1933 1934 1935 1936 1937 1938 1939 1946 1947 1948
[33] 1949 1950 1951 1952 1953 1954 1955 1956 1957 1958 1959 1960 1961 1962 1963 1964
[49] 1965 1966 1967 1968 1969 1970 1971 1972 1973 1974 1975 1976 1977 1978 1979 1980
[65] 1981 1982 1983 1984 1985 1986 1987 1988 1989 1990 1991 1992 1993 1994 1995 1996
[81] 1997 1998 1999 2000 2001 2002 2003 2004 2005 2006 2007 2008 2009 2010 2011 2012
[97] 2013 2014
[1] "Tranmere Rovers"
 [1]    0 1921 1922 1923 1924 1925 1926 1927 1928 1929 1930 1931 1932 1933 1934 1935
[17] 1936 1937 1938 1939 1946 1947 1948 1949 1950 1951 1952 1953 1954 1955 1956 1957
[33] 1958 1959 1960 1961 1962 1963 1964 1965 1966 1967 1968 1969 1970 1971 1972 1973
[49] 1974 1975 1976 1977 1978 1979 1980 1981 1982 1983 1984 1985 1986 1987 1988 1989
[65] 1990 1991 1992 1993 1994 1995 1996 1997 1998 1999 2000 2001 2002 2003 2004 2005
[81] 2006 2007 2008 2009 2010 2011 2012 2013 2014
[1] "Walsall"
 [1]    0 1892 1893 1894 1896 1897 1898 1899 1900 1921 1922 1923 1924 1925 1926 1927
[17] 1928 1929 1930 1931 1932 1933 1934 1935 1936 1937 1938 1939 1946 1947 1948 1949
[33] 1950 1951 1952 1953 1954 1955 1956 1957 1958 1959 1960 1961 1962 1963 1964 1965
[49] 1966 1967 1968 1969 1970 1971 1972 1973 1974 1975 1976 1977 1978 1979 1980 1981
[65] 1982 1983 1984 1985 1986 1987 1988 1989 1990 1991 1992 1993 1994 1995 1996 1997
[81] 1998 1999 2000 2001 2002 2003 2004 2005 2006 2007 2008 2009 2010 2011 2012 2013
[97] 2014
[1] "Watford"
 [1]    0 1920 1921 1922 1923 1924 1925 1926 1927 1928 1929 1930 1931 1932 1933 1934
[17] 1935 1936 1937 1938 1939 1946 1947 1948 1949 1950 1951 1952 1953 1954 1955 1956
[33] 1957 1958 1959 1960 1961 1962 1963 1964 1965 1966 1967 1968 1969 1970 1971 1972
[49] 1973 1974 1975 1976 1977 1978 1979 1980 1981 1982 1983 1984 1985 1986 1987 1988
[65] 1989 1990 1991 1992 1993 1994 1995 1996 1997 1998 1999 2000 2001 2002 2003 2004
[81] 2005 2006 2007 2008 2009 2010 2011 2012 2013 2014
[1] "West Bromwich Albion"
  [1]    0 1888 1889 1890 1891 1892 1893 1894 1895 1896 1897 1898 1899 1900 1901 1902
 [17] 1903 1904 1905 1906 1907 1908 1909 1910 1911 1912 1913 1914 1919 1920 1921 1922
 [33] 1923 1924 1925 1926 1927 1928 1929 1930 1931 1932 1933 1934 1935 1936 1937 1938
 [49] 1939 1946 1947 1948 1949 1950 1951 1952 1953 1954 1955 1956 1957 1958 1959 1960
 [65] 1961 1962 1963 1964 1965 1966 1967 1968 1969 1970 1971 1972 1973 1974 1975 1976
 [81] 1977 1978 1979 1980 1981 1982 1983 1984 1985 1986 1987 1988 1989 1990 1991 1992
 [97] 1993 1994 1995 1996 1997 1998 1999 2000 2001 2002 2003 2004 2005 2006 2007 2008
[113] 2009 2010 2011 2012 2013 2014
[1] "West Ham United"
 [1]    0 1919 1920 1921 1922 1923 1924 1925 1926 1927 1928 1929 1930 1931 1932 1933
[17] 1934 1935 1936 1937 1938 1939 1946 1947 1948 1949 1950 1951 1952 1953 1954 1955
[33] 1956 1957 1958 1959 1960 1961 1962 1963 1964 1965 1966 1967 1968 1969 1970 1971
[49] 1972 1973 1974 1975 1976 1977 1978 1979 1980 1981 1982 1983 1984 1985 1986 1987
[65] 1988 1989 1990 1991 1992 1993 1994 1995 1996 1997 1998 1999 2000 2001 2002 2003
[81] 2004 2005 2006 2007 2008 2009 2010 2011 2012 2013 2014
[1] "Wigan Athletic"
 [1]    0 1978 1979 1980 1981 1982 1983 1984 1985 1986 1987 1988 1989 1990 1991 1992
[17] 1993 1994 1995 1996 1997 1998 1999 2000 2001 2002 2003 2004 2005 2006 2007 2008
[33] 2009 2010 2011 2012 2013 2014
[1] "Wigan Borough"
 [1]    0 1921 1922 1923 1924 1925 1926 1927 1928 1929 1930 1931
[1] "Wimbledon"
 [1]    0 1977 1978 1979 1980 1981 1982 1983 1984 1985 1986 1987 1988 1989 1990 1991
[17] 1992 1993 1994 1995 1996 1997 1998 1999 2000 2001 2002 2003
[1] "Wolverhampton Wanderers"
  [1]    0 1888 1889 1890 1891 1892 1893 1894 1895 1896 1897 1898 1899 1900 1901 1902
 [17] 1903 1904 1905 1906 1907 1908 1909 1910 1911 1912 1913 1914 1919 1920 1921 1922
 [33] 1923 1924 1925 1926 1927 1928 1929 1930 1931 1932 1933 1934 1935 1936 1937 1938
 [49] 1939 1946 1947 1948 1949 1950 1951 1952 1953 1954 1955 1956 1957 1958 1959 1960
 [65] 1961 1962 1963 1964 1965 1966 1967 1968 1969 1970 1971 1972 1973 1974 1975 1976
 [81] 1977 1978 1979 1980 1981 1982 1983 1984 1985 1986 1987 1988 1989 1990 1991 1992
 [97] 1993 1994 1995 1996 1997 1998 1999 2000 2001 2002 2003 2004 2005 2006 2007 2008
[113] 2009 2010 2011 2012 2013 2014
[1] "Workington"
 [1]    0 1951 1952 1953 1954 1955 1956 1957 1958 1959 1960 1961 1962 1963 1964 1965
[17] 1966 1967 1968 1969 1970 1971 1972 1973 1974 1975 1976
[1] "Wrexham"
 [1]    0 1921 1922 1923 1924 1925 1926 1927 1928 1929 1930 1931 1932 1933 1934 1935
[17] 1936 1937 1938 1939 1946 1947 1948 1949 1950 1951 1952 1953 1954 1955 1956 1957
[33] 1958 1959 1960 1961 1962 1963 1964 1965 1966 1967 1968 1969 1970 1971 1972 1973
[49] 1974 1975 1976 1977 1978 1979 1980 1981 1982 1983 1984 1985 1986 1987 1988 1989
[65] 1990 1991 1992 1993 1994 1995 1996 1997 1998 1999 2000 2001 2002 2003 2004 2005
[81] 2006 2007
[1] "Wycombe Wanderers"
 [1]    0 1993 1994 1995 1996 1997 1998 1999 2000 2001 2002 2003 2004 2005 2006 2007
[17] 2008 2009 2010 2011 2012 2013 2014
[1] "Yeovil"
 [1]    0 2003 2004 2005 2006 2007 2008 2009 2010 2011 2012 2013 2014
[1] "York City"
 [1]    0 1929 1930 1931 1932 1933 1934 1935 1936 1937 1938 1939 1946 1947 1948 1949
[17] 1950 1951 1952 1953 1954 1955 1956 1957 1958 1959 1960 1961 1962 1963 1964 1965
[33] 1966 1967 1968 1969 1970 1971 1972 1973 1974 1975 1976 1977 1978 1979 1980 1981
[49] 1982 1983 1984 1985 1986 1987 1988 1989 1990 1991 1992 1993 1994 1995 1996 1997
[65] 1998 1999 2000 2001 2002 2003 2012 2013 2014
